1-C-1  :  [60, 62, 60, 67, 65, 67, 65, 72]
1-C-2  :  [60, 67, 62, 67, 60, 72, 65, 65]
1-C-3  :  [72, 67, 67, 60, 69, 67, 65, 65]
1-C-4  :  [72, 69, 67, 60, 69, 67, 65, 65]
1-C-5  :  [72, 71, 67, 60, 69, 67, 65, 57]
1-T-1  :  [60, 62, 60, 67, 65, 67, 65, 72]
1-T-2  :  [65, 62, 60, 67, 65, 67, 65, 72]
1-T-3  :  [65, 62, 60, 63, 65, 67, 65, 68]
1-T-4  :  [61, 62, 60, 63, 70, 64, 65, 68]
1-T-5  :  [61, 62, 60, 66, 63, 65, 64, 70]
2-C-1  :  [60, 72, 71, 67, 69, 81, 79, 76]
2-C-2  :  [72, 67, 72, 71, 64, 57, 79, 79]
2-C-3  :  [72, 67, 67, 71, 64, 57, 60, 55]
2-C-4  :  [72, 67, 67, 62, 64, 57, 60, 55]
2-C-5  :  [72, 62, 67, 59, 64, 57, 60, 55]
2-T-1  :  [60, 72, 71, 67, 69, 81, 79, 76]
2-T-2  :  [74, 76, 72, 71, 69, 81, 82, 79]
2-T-3  :  [74, 76, 72, 71, 73, 83, 81, 75]
2-T-4  :  [66, 77, 76, 70, 71, 76, 81, 75]
2-T-5  :  [66, 77, 76, 70, 71, 82, 81, 75]
3-C-1  :  [72, 69, 65, 60, 69, 64, 60, 57]
3-C-2  :  [72, 69, 65, 67, 69, 64, 65, 57]
3-C-3  :  [72, 69, 65, 67, 69, 68, 60, 57]
3-C-4  :  [72, 69, 65, 67, 69, 68, 69, 60]
3-C-5  :  [60, 69, 65, 72, 64, 72, 69, 76]
3-T-1  :  [72, 69, 65, 60, 69, 64, 60, 57]
3-T-2  :  [72, 69, 65, 64, 65, 64, 60, 57]
3-T-3  :  [70, 69, 65, 59, 69, 64, 61, 60]
3-T-4  :  [70, 69, 66, 76, 65, 64, 61, 55]
3-T-5  :  [75, 69, 66, 59, 70, 64, 61, 55]