[60 65 64 67]
[60 55 53 52]
[65 76 70 80]
[60 67 65 64]
[60 52 57 55]
[56 69 68 64]
[60 67 64 67]
[60 53 55 52]
[66 76 71 77]
[60 67 69 64]
[60 52 53 55]
[70 75 76 71]
[60 62 60 67 65 67 65 72]
[72 71 67 60 69 67 65 57]
[61 62 60 66 63 65 64 70]
[60 72 71 67 69 81 79 76]
[72 62 67 59 64 57 60 55]
[66 77 76 70 71 82 81 75]
[64 72 67 60 62 71 65 59]
[72 67 64 67 74 71 65 71]
[67 78 72 61 64 74 68 62]
[72 69 65 60 69 64 60 57]
[60 69 65 72 64 72 69 76]
[75 69 66 59 70 64 61 55]