0.0000 0.2500 0.5625 0.6875 0.6250 0.0000 0.2500 0.5625 0.6875 0.6250
0.2500 0.0000 0.4375 0.6250 0.6250 0.2500 0.0000 0.4375 0.6250 0.6250
0.5625 0.4375 0.0000 0.2500 0.2500 0.5625 0.4375 0.0000 0.2500 0.2500
0.6875 0.6250 0.2500 0.0000 0.1250 0.6875 0.6250 0.2500 0.0000 0.1250
0.6250 0.6250 0.2500 0.1250 0.0000 0.6250 0.6250 0.2500 0.1250 0.0000
0.0000 0.2500 0.5625 0.6875 0.6250 0.0000 0.2500 0.5625 0.6875 0.6250
0.2500 0.0000 0.4375 0.6250 0.6250 0.2500 0.0000 0.4375 0.6250 0.6250
0.5625 0.4375 0.0000 0.2500 0.2500 0.5625 0.4375 0.0000 0.2500 0.2500
0.6875 0.6250 0.2500 0.0000 0.1250 0.6875 0.6250 0.2500 0.0000 0.1250
0.6250 0.6250 0.2500 0.1250 0.0000 0.6250 0.6250 0.2500 0.1250 0.0000
