<Edit distance>
1-C: [0.5625, 0.5625, 0.9375, 0.75]
1-T: [0.9375, 0.8125, 0.75, 0.5625]
2-C: [0.4375, 0.625, 0.875, 0.8125]
2-T: [0.4375, 0.6875, 0.5625, 0.875]
3-C: [0.875, 0.875, 0.8125, 0.4375]
3-T: [0.875, 0.5625, 0.625, 0.6875]

<Tf-idf>
1-C: [1.0, 0.9898, 0.9985, 0.9432]
1-T: [0.9946, 0.6061, 0.5603, 0.5438]
2-C: [0.5255, 0.7542, 1.0, 0.7864]
2-T: [0.7955, 0.5821, 0.8345, 0.9779]
3-C: [0.4648, 0.6491, 0.9485, 0.0931]
3-T: [0.9671, 0.0996, 0.3792, 0.62]

<Tversky>
1-C: [1.0, 0.8, 1.0, 0.8333]
1-T: [1.0, 0.7273, 0.7143, 0.875]
2-C: [0.5714, 0.7692, 0.8571, 0.9333]
2-T: [0.75, 0.625, 0.5333, 0.9333]
3-C: [0.8333, 0.7692, 0.9231, 0.6667]
3-T: [1.0, 0.6154, 0.6667, 0.75]