1-C-1  :  [60, 62, 60, 67, 65, 67, 65, 72]
1-C-2  :  [60, 59, 60, 67, 65, 67, 69, 72]
1-C-3  :  [60, 71, 67, 60, 65, 67, 69, 60]
1-C-4  :  [72, 71, 67, 60, 65, 67, 69, 57]
1-C-5  :  [72, 71, 67, 60, 69, 67, 65, 57]
1-T-1  :  [60, 62, 60, 67, 65, 67, 65, 72]
1-T-2  :  [60, 61, 59, 66, 65, 66, 65, 71]
1-T-3  :  [59, 61, 59, 66, 64, 65, 63, 71]
1-T-4  :  [61, 62, 61, 66, 63, 65, 63, 70]
1-T-5  :  [61, 62, 60, 66, 63, 65, 64, 70]
2-C-1  :  [60, 72, 71, 67, 69, 81, 79, 76]
2-C-2  :  [72, 71, 67, 71, 69, 67, 64, 67]
2-C-3  :  [72, 64, 67, 71, 69, 64, 60, 64]
2-C-4  :  [72, 64, 67, 59, 60, 57, 64, 55]
2-C-5  :  [72, 62, 67, 59, 64, 57, 60, 55]
2-T-1  :  [60, 72, 71, 67, 69, 81, 79, 76]
2-T-2  :  [61, 72, 71, 68, 69, 81, 80, 76]
2-T-3  :  [63, 72, 71, 70, 71, 82, 80, 75]
2-T-4  :  [66, 76, 75, 70, 71, 82, 81, 75]
2-T-5  :  [66, 77, 76, 70, 71, 82, 81, 75]
3-C-1  :  [72, 69, 65, 60, 69, 64, 60, 57]
3-C-2  :  [72, 69, 65, 60, 64, 60, 57, 64]
3-C-3  :  [60, 69, 67, 60, 64, 69, 72, 76]
3-C-4  :  [60, 69, 65, 60, 64, 72, 69, 76]
3-C-5  :  [60, 69, 65, 72, 64, 72, 69, 76]
3-T-1  :  [72, 69, 65, 60, 69, 64, 60, 57]
3-T-2  :  [73, 69, 66, 61, 70, 69, 64, 61]
3-T-3  :  [74, 69, 66, 61, 70, 67, 64, 61]
3-T-4  :  [75, 69, 66, 60, 70, 64, 61, 57]
3-T-5  :  [75, 69, 66, 59, 70, 64, 61, 55]