<Edit distance>
1-C: [0.8125, 0.625, 0.75, 0.875]
1-T: [0.625, 0.6875, 0.5625, 0.875]
2-C: [0.4375, 0.6875, 0.5, 0.8125]
2-T: [0.75, 0.5625, 0.75, 0.875]
3-C: [0.75, 0.5625, 0.6875, 0.875]
3-T: [0.5625, 0.875, 0.625, 0.8125]

<Tf-idf>
1-C: [0.7597, 0.7524, 0.9228, 1.0]
1-T: [0.158, 0.9306, 0.3261, 0.9554]
2-C: [0.7934, 0.9674, 0.4544, 1.0]
2-T: [0.509, 0.0851, 0.8292, 0.9745]
3-C: [1.0, 0.1959, 0.5961, 0.9753]
3-T: [0.0, 0.3676, 0.3573, 0.5229]

<Tversky>
1-C: [0.7273, 0.7273, 0.8333, 1.0]
1-T: [0.3636, 0.7692, 0.6154, 0.8571]
2-C: [0.6154, 0.9091, 0.6154, 0.9333]
2-T: [0.625, 0.4, 0.5714, 0.9333]
3-C: [1.0, 0.6667, 0.8333, 1.0]
3-T: [0.3333, 0.7692, 0.6667, 0.75]