8-1-C
[60, 62, 60, 67, 65, 67, 65, 72]
[60, 67, 62, 67, 60, 72, 65, 65]
[72, 67, 67, 60, 69, 67, 65, 65]
[72, 69, 67, 60, 69, 67, 65, 65]
[72, 71, 67, 60, 69, 67, 65, 57]
8-1-T
[60, 62, 60, 67, 65, 67, 65, 72]
[65, 62, 60, 67, 65, 67, 65, 72]
[65, 62, 60, 63, 65, 67, 65, 68]
[61, 62, 60, 63, 70, 64, 65, 68]
[61, 62, 60, 66, 63, 65, 64, 70]
8-2-C
[60, 72, 71, 67, 69, 81, 79, 76]
[72, 67, 72, 71, 64, 57, 79, 79]
[72, 67, 67, 71, 64, 57, 60, 55]
[72, 67, 67, 62, 64, 57, 60, 55]
[72, 62, 67, 59, 64, 57, 60, 55]
8-2-T
[60, 72, 71, 67, 69, 81, 79, 76]
[74, 76, 72, 71, 69, 81, 82, 79]
[74, 76, 72, 71, 73, 83, 81, 75]
[66, 77, 76, 70, 71, 76, 81, 75]
[66, 77, 76, 70, 71, 82, 81, 75]
8-3-C
[72, 69, 65, 60, 69, 64, 60, 57]
[72, 69, 65, 67, 69, 64, 65, 57]
[72, 69, 65, 67, 69, 68, 60, 57]
[72, 69, 65, 67, 69, 68, 69, 60]
[60, 69, 65, 72, 64, 72, 69, 76]
8-3-T
[72, 69, 65, 60, 69, 64, 60, 57]
[72, 69, 65, 64, 65, 64, 60, 57]
[70, 69, 65, 59, 69, 64, 61, 60]
[70, 69, 66, 76, 65, 64, 61, 55]
[75, 69, 66, 59, 70, 64, 61, 55]
